{
  "nbformat": 4,
  "nbformat_minor": 0,
  "metadata": {
    "colab": {
      "provenance": [],
      "authorship_tag": "ABX9TyOl+cJJ4lMZ9InTioHj9822",
      "include_colab_link": true
    },
    "kernelspec": {
      "name": "python3",
      "display_name": "Python 3"
    },
    "language_info": {
      "name": "python"
    },
    "widgets": {
      "application/vnd.jupyter.widget-state+json": {
        "f5e0e5ac3f87431e8f1450dcccac2b54": {
          "model_module": "@jupyter-widgets/controls",
          "model_name": "HBoxModel",
          "model_module_version": "1.5.0",
          "state": {
            "_dom_classes": [],
            "_model_module": "@jupyter-widgets/controls",
            "_model_module_version": "1.5.0",
            "_model_name": "HBoxModel",
            "_view_count": null,
            "_view_module": "@jupyter-widgets/controls",
            "_view_module_version": "1.5.0",
            "_view_name": "HBoxView",
            "box_style": "",
            "children": [
              "IPY_MODEL_fd7a4afa92ad45f2a3ed5502b39d06b9",
              "IPY_MODEL_12d88f9ee6934e6fa472629d285e26ce",
              "IPY_MODEL_d0a7cb22795c4c758a5f8b5a6108263b"
            ],
            "layout": "IPY_MODEL_0a37916fe64f415bb80f88a544686cae"
          }
        },
        "fd7a4afa92ad45f2a3ed5502b39d06b9": {
          "model_module": "@jupyter-widgets/controls",
          "model_name": "HTMLModel",
          "model_module_version": "1.5.0",
          "state": {
            "_dom_classes": [],
            "_model_module": "@jupyter-widgets/controls",
            "_model_module_version": "1.5.0",
            "_model_name": "HTMLModel",
            "_view_count": null,
            "_view_module": "@jupyter-widgets/controls",
            "_view_module_version": "1.5.0",
            "_view_name": "HTMLView",
            "description": "",
            "description_tooltip": null,
            "layout": "IPY_MODEL_62e791cbc4924917b756cfda98895f24",
            "placeholder": "​",
            "style": "IPY_MODEL_001c2ec5e2bc4543be4b5e2a649f6d86",
            "value": "100%"
          }
        },
        "12d88f9ee6934e6fa472629d285e26ce": {
          "model_module": "@jupyter-widgets/controls",
          "model_name": "FloatProgressModel",
          "model_module_version": "1.5.0",
          "state": {
            "_dom_classes": [],
            "_model_module": "@jupyter-widgets/controls",
            "_model_module_version": "1.5.0",
            "_model_name": "FloatProgressModel",
            "_view_count": null,
            "_view_module": "@jupyter-widgets/controls",
            "_view_module_version": "1.5.0",
            "_view_name": "ProgressView",
            "bar_style": "success",
            "description": "",
            "description_tooltip": null,
            "layout": "IPY_MODEL_e405945667b34064bfff9a60a794dd8f",
            "max": 50000,
            "min": 0,
            "orientation": "horizontal",
            "style": "IPY_MODEL_1bf2b04e570e4421aac850fec02e8768",
            "value": 50000
          }
        },
        "d0a7cb22795c4c758a5f8b5a6108263b": {
          "model_module": "@jupyter-widgets/controls",
          "model_name": "HTMLModel",
          "model_module_version": "1.5.0",
          "state": {
            "_dom_classes": [],
            "_model_module": "@jupyter-widgets/controls",
            "_model_module_version": "1.5.0",
            "_model_name": "HTMLModel",
            "_view_count": null,
            "_view_module": "@jupyter-widgets/controls",
            "_view_module_version": "1.5.0",
            "_view_name": "HTMLView",
            "description": "",
            "description_tooltip": null,
            "layout": "IPY_MODEL_a04d793fcac34564aab08055371f35cf",
            "placeholder": "​",
            "style": "IPY_MODEL_7b7a551c71b24eb58e6954c3080cab6d",
            "value": " 50000/50000 [03:06&lt;00:00, 274.43it/s]"
          }
        },
        "0a37916fe64f415bb80f88a544686cae": {
          "model_module": "@jupyter-widgets/base",
          "model_name": "LayoutModel",
          "model_module_version": "1.2.0",
          "state": {
            "_model_module": "@jupyter-widgets/base",
            "_model_module_version": "1.2.0",
            "_model_name": "LayoutModel",
            "_view_count": null,
            "_view_module": "@jupyter-widgets/base",
            "_view_module_version": "1.2.0",
            "_view_name": "LayoutView",
            "align_content": null,
            "align_items": null,
            "align_self": null,
            "border": null,
            "bottom": null,
            "display": null,
            "flex": null,
            "flex_flow": null,
            "grid_area": null,
            "grid_auto_columns": null,
            "grid_auto_flow": null,
            "grid_auto_rows": null,
            "grid_column": null,
            "grid_gap": null,
            "grid_row": null,
            "grid_template_areas": null,
            "grid_template_columns": null,
            "grid_template_rows": null,
            "height": null,
            "justify_content": null,
            "justify_items": null,
            "left": null,
            "margin": null,
            "max_height": null,
            "max_width": null,
            "min_height": null,
            "min_width": null,
            "object_fit": null,
            "object_position": null,
            "order": null,
            "overflow": null,
            "overflow_x": null,
            "overflow_y": null,
            "padding": null,
            "right": null,
            "top": null,
            "visibility": null,
            "width": null
          }
        },
        "62e791cbc4924917b756cfda98895f24": {
          "model_module": "@jupyter-widgets/base",
          "model_name": "LayoutModel",
          "model_module_version": "1.2.0",
          "state": {
            "_model_module": "@jupyter-widgets/base",
            "_model_module_version": "1.2.0",
            "_model_name": "LayoutModel",
            "_view_count": null,
            "_view_module": "@jupyter-widgets/base",
            "_view_module_version": "1.2.0",
            "_view_name": "LayoutView",
            "align_content": null,
            "align_items": null,
            "align_self": null,
            "border": null,
            "bottom": null,
            "display": null,
            "flex": null,
            "flex_flow": null,
            "grid_area": null,
            "grid_auto_columns": null,
            "grid_auto_flow": null,
            "grid_auto_rows": null,
            "grid_column": null,
            "grid_gap": null,
            "grid_row": null,
            "grid_template_areas": null,
            "grid_template_columns": null,
            "grid_template_rows": null,
            "height": null,
            "justify_content": null,
            "justify_items": null,
            "left": null,
            "margin": null,
            "max_height": null,
            "max_width": null,
            "min_height": null,
            "min_width": null,
            "object_fit": null,
            "object_position": null,
            "order": null,
            "overflow": null,
            "overflow_x": null,
            "overflow_y": null,
            "padding": null,
            "right": null,
            "top": null,
            "visibility": null,
            "width": null
          }
        },
        "001c2ec5e2bc4543be4b5e2a649f6d86": {
          "model_module": "@jupyter-widgets/controls",
          "model_name": "DescriptionStyleModel",
          "model_module_version": "1.5.0",
          "state": {
            "_model_module": "@jupyter-widgets/controls",
            "_model_module_version": "1.5.0",
            "_model_name": "DescriptionStyleModel",
            "_view_count": null,
            "_view_module": "@jupyter-widgets/base",
            "_view_module_version": "1.2.0",
            "_view_name": "StyleView",
            "description_width": ""
          }
        },
        "e405945667b34064bfff9a60a794dd8f": {
          "model_module": "@jupyter-widgets/base",
          "model_name": "LayoutModel",
          "model_module_version": "1.2.0",
          "state": {
            "_model_module": "@jupyter-widgets/base",
            "_model_module_version": "1.2.0",
            "_model_name": "LayoutModel",
            "_view_count": null,
            "_view_module": "@jupyter-widgets/base",
            "_view_module_version": "1.2.0",
            "_view_name": "LayoutView",
            "align_content": null,
            "align_items": null,
            "align_self": null,
            "border": null,
            "bottom": null,
            "display": null,
            "flex": null,
            "flex_flow": null,
            "grid_area": null,
            "grid_auto_columns": null,
            "grid_auto_flow": null,
            "grid_auto_rows": null,
            "grid_column": null,
            "grid_gap": null,
            "grid_row": null,
            "grid_template_areas": null,
            "grid_template_columns": null,
            "grid_template_rows": null,
            "height": null,
            "justify_content": null,
            "justify_items": null,
            "left": null,
            "margin": null,
            "max_height": null,
            "max_width": null,
            "min_height": null,
            "min_width": null,
            "object_fit": null,
            "object_position": null,
            "order": null,
            "overflow": null,
            "overflow_x": null,
            "overflow_y": null,
            "padding": null,
            "right": null,
            "top": null,
            "visibility": null,
            "width": null
          }
        },
        "1bf2b04e570e4421aac850fec02e8768": {
          "model_module": "@jupyter-widgets/controls",
          "model_name": "ProgressStyleModel",
          "model_module_version": "1.5.0",
          "state": {
            "_model_module": "@jupyter-widgets/controls",
            "_model_module_version": "1.5.0",
            "_model_name": "ProgressStyleModel",
            "_view_count": null,
            "_view_module": "@jupyter-widgets/base",
            "_view_module_version": "1.2.0",
            "_view_name": "StyleView",
            "bar_color": null,
            "description_width": ""
          }
        },
        "a04d793fcac34564aab08055371f35cf": {
          "model_module": "@jupyter-widgets/base",
          "model_name": "LayoutModel",
          "model_module_version": "1.2.0",
          "state": {
            "_model_module": "@jupyter-widgets/base",
            "_model_module_version": "1.2.0",
            "_model_name": "LayoutModel",
            "_view_count": null,
            "_view_module": "@jupyter-widgets/base",
            "_view_module_version": "1.2.0",
            "_view_name": "LayoutView",
            "align_content": null,
            "align_items": null,
            "align_self": null,
            "border": null,
            "bottom": null,
            "display": null,
            "flex": null,
            "flex_flow": null,
            "grid_area": null,
            "grid_auto_columns": null,
            "grid_auto_flow": null,
            "grid_auto_rows": null,
            "grid_column": null,
            "grid_gap": null,
            "grid_row": null,
            "grid_template_areas": null,
            "grid_template_columns": null,
            "grid_template_rows": null,
            "height": null,
            "justify_content": null,
            "justify_items": null,
            "left": null,
            "margin": null,
            "max_height": null,
            "max_width": null,
            "min_height": null,
            "min_width": null,
            "object_fit": null,
            "object_position": null,
            "order": null,
            "overflow": null,
            "overflow_x": null,
            "overflow_y": null,
            "padding": null,
            "right": null,
            "top": null,
            "visibility": null,
            "width": null
          }
        },
        "7b7a551c71b24eb58e6954c3080cab6d": {
          "model_module": "@jupyter-widgets/controls",
          "model_name": "DescriptionStyleModel",
          "model_module_version": "1.5.0",
          "state": {
            "_model_module": "@jupyter-widgets/controls",
            "_model_module_version": "1.5.0",
            "_model_name": "DescriptionStyleModel",
            "_view_count": null,
            "_view_module": "@jupyter-widgets/base",
            "_view_module_version": "1.2.0",
            "_view_name": "StyleView",
            "description_width": ""
          }
        }
      }
    }
  },
  "cells": [
    {
      "cell_type": "markdown",
      "metadata": {
        "id": "view-in-github",
        "colab_type": "text"
      },
      "source": [
        "<a href=\"https://colab.research.google.com/github/shivansh2310/Finance-Stuff/blob/main/Basic_Portfolio_Optimization.ipynb\" target=\"_parent\"><img src=\"https://colab.research.google.com/assets/colab-badge.svg\" alt=\"Open In Colab\"/></a>"
      ]
    },
    {
      "cell_type": "code",
      "execution_count": 30,
      "metadata": {
        "colab": {
          "base_uri": "https://localhost:8080/"
        },
        "id": "sZ1Es7AXkiPq",
        "outputId": "0d64a6ee-71c8-4fd2-81c7-0ca88333245b"
      },
      "outputs": [
        {
          "output_type": "stream",
          "name": "stdout",
          "text": [
            "Looking in indexes: https://pypi.org/simple, https://us-python.pkg.dev/colab-wheels/public/simple/\n",
            "Requirement already satisfied: yfinance in /usr/local/lib/python3.8/dist-packages (0.2.12)\n",
            "Requirement already satisfied: pytz>=2022.5 in /usr/local/lib/python3.8/dist-packages (from yfinance) (2022.7.1)\n",
            "Requirement already satisfied: html5lib>=1.1 in /usr/local/lib/python3.8/dist-packages (from yfinance) (1.1)\n",
            "Requirement already satisfied: pandas>=1.3.0 in /usr/local/lib/python3.8/dist-packages (from yfinance) (1.3.5)\n",
            "Requirement already satisfied: requests>=2.26 in /usr/local/lib/python3.8/dist-packages (from yfinance) (2.28.2)\n",
            "Requirement already satisfied: lxml>=4.9.1 in /usr/local/lib/python3.8/dist-packages (from yfinance) (4.9.2)\n",
            "Requirement already satisfied: multitasking>=0.0.7 in /usr/local/lib/python3.8/dist-packages (from yfinance) (0.0.11)\n",
            "Requirement already satisfied: frozendict>=2.3.4 in /usr/local/lib/python3.8/dist-packages (from yfinance) (2.3.5)\n",
            "Requirement already satisfied: beautifulsoup4>=4.11.1 in /usr/local/lib/python3.8/dist-packages (from yfinance) (4.11.2)\n",
            "Requirement already satisfied: cryptography>=3.3.2 in /usr/local/lib/python3.8/dist-packages (from yfinance) (39.0.1)\n",
            "Requirement already satisfied: appdirs>=1.4.4 in /usr/local/lib/python3.8/dist-packages (from yfinance) (1.4.4)\n",
            "Requirement already satisfied: numpy>=1.16.5 in /usr/local/lib/python3.8/dist-packages (from yfinance) (1.22.4)\n",
            "Requirement already satisfied: soupsieve>1.2 in /usr/local/lib/python3.8/dist-packages (from beautifulsoup4>=4.11.1->yfinance) (2.4)\n",
            "Requirement already satisfied: cffi>=1.12 in /usr/local/lib/python3.8/dist-packages (from cryptography>=3.3.2->yfinance) (1.15.1)\n",
            "Requirement already satisfied: six>=1.9 in /usr/local/lib/python3.8/dist-packages (from html5lib>=1.1->yfinance) (1.15.0)\n",
            "Requirement already satisfied: webencodings in /usr/local/lib/python3.8/dist-packages (from html5lib>=1.1->yfinance) (0.5.1)\n",
            "Requirement already satisfied: python-dateutil>=2.7.3 in /usr/local/lib/python3.8/dist-packages (from pandas>=1.3.0->yfinance) (2.8.2)\n",
            "Requirement already satisfied: urllib3<1.27,>=1.21.1 in /usr/local/lib/python3.8/dist-packages (from requests>=2.26->yfinance) (1.24.3)\n",
            "Requirement already satisfied: charset-normalizer<4,>=2 in /usr/local/lib/python3.8/dist-packages (from requests>=2.26->yfinance) (3.0.1)\n",
            "Requirement already satisfied: idna<4,>=2.5 in /usr/local/lib/python3.8/dist-packages (from requests>=2.26->yfinance) (2.10)\n",
            "Requirement already satisfied: certifi>=2017.4.17 in /usr/local/lib/python3.8/dist-packages (from requests>=2.26->yfinance) (2022.12.7)\n",
            "Requirement already satisfied: pycparser in /usr/local/lib/python3.8/dist-packages (from cffi>=1.12->cryptography>=3.3.2->yfinance) (2.21)\n"
          ]
        }
      ],
      "source": [
        "!pip install yfinance\n",
        "\n",
        "import numpy as np\n",
        "import pandas as pd\n",
        "import datetime\n",
        "import yfinance as yf\n",
        "from tqdm.notebook import tqdm"
      ]
    },
    {
      "cell_type": "code",
      "source": [
        "stocks = ['REDINGTON.NS', 'INFY.NS', 'TCS.NS', 'ITC.NS', 'HDFCBANK.NS']\n",
        "start = datetime.datetime(2010,1,1)\n",
        "end = datetime.datetime(2022,12,31)\n",
        "numPortfolios = 50000\n",
        "risk_free_return = 0.061"
      ],
      "metadata": {
        "id": "z0S1dar4tB0s"
      },
      "execution_count": 31,
      "outputs": []
    },
    {
      "cell_type": "code",
      "source": [
        "pct_returns = yf.download(stocks,start = start, end = end)['Adj Close'].pct_change()"
      ],
      "metadata": {
        "colab": {
          "base_uri": "https://localhost:8080/"
        },
        "id": "MAJuvrlHtlo-",
        "outputId": "614ba0ae-a7e2-4921-cf9c-bef51002a43f"
      },
      "execution_count": 32,
      "outputs": [
        {
          "output_type": "stream",
          "name": "stdout",
          "text": [
            "[*********************100%***********************]  5 of 5 completed\n"
          ]
        }
      ]
    },
    {
      "cell_type": "code",
      "source": [
        "portfolio_weights = []\n",
        "portfolio_returns = []\n",
        "portfolio_risk = []\n",
        "portfolio_sharpe_ratio = []\n"
      ],
      "metadata": {
        "id": "I09twWavt-dq"
      },
      "execution_count": 33,
      "outputs": []
    },
    {
      "cell_type": "code",
      "source": [
        "np.random.seed(0)\n",
        "\n",
        "for portfolio in tqdm(range(numPortfolios)):\n",
        "\n",
        "  #Randomize weights for the portfolio\n",
        "  weights = np.random.random_sample(len(stocks))\n",
        "  weights = weights/np.sum(weights)\n",
        "  portfolio_weights.append(weights)\n",
        "  print(weights)\n",
        "\n",
        "  #Annual portfolio returns according to above weights\n",
        "  annual_return = np.sum(pct_returns.mean() * weights) * 252\n",
        "  portfolio_returns.append(annual_return)\n",
        "\n",
        "  #Portfolio Risk Calcualtion\n",
        "  cov_matrix = pct_returns.cov() * 252\n",
        "  portfolio_variance = np.dot(weights.T, np.dot(cov_matrix,weights))\n",
        "  portfolio_std_dev = np.sqrt(portfolio_variance)\n",
        "  portfolio_risk.append(portfolio_std_dev)\n",
        "\n",
        "  #Portfolio sharpe ratio calculation\n",
        "  Sharpe_ration = (annual_return - risk_free_return)/portfolio_std_dev\n",
        "  portfolio_sharpe_ratio.append(Sharpe_ration)\n",
        "\n"
      ],
      "metadata": {
        "colab": {
          "base_uri": "https://localhost:8080/",
          "height": 1000,
          "referenced_widgets": [
            "f5e0e5ac3f87431e8f1450dcccac2b54",
            "fd7a4afa92ad45f2a3ed5502b39d06b9",
            "12d88f9ee6934e6fa472629d285e26ce",
            "d0a7cb22795c4c758a5f8b5a6108263b",
            "0a37916fe64f415bb80f88a544686cae",
            "62e791cbc4924917b756cfda98895f24",
            "001c2ec5e2bc4543be4b5e2a649f6d86",
            "e405945667b34064bfff9a60a794dd8f",
            "1bf2b04e570e4421aac850fec02e8768",
            "a04d793fcac34564aab08055371f35cf",
            "7b7a551c71b24eb58e6954c3080cab6d"
          ]
        },
        "id": "5GivIj7qucMm",
        "outputId": "a4853f9c-5966-4398-ce9b-c3a974fd5383"
      },
      "execution_count": 34,
      "outputs": [
        {
          "output_type": "display_data",
          "data": {
            "text/plain": [
              "  0%|          | 0/50000 [00:00<?, ?it/s]"
            ],
            "application/vnd.jupyter.widget-view+json": {
              "version_major": 2,
              "version_minor": 0,
              "model_id": "f5e0e5ac3f87431e8f1450dcccac2b54"
            }
          },
          "metadata": {}
        },
        {
          "output_type": "stream",
          "name": "stdout",
          "text": [
            "\u001b[1;30;43mStreaming output truncated to the last 5000 lines.\u001b[0m\n",
            "[0.37966703 0.00136688 0.02754532 0.31756389 0.27385689]\n",
            "[0.37706281 0.09347876 0.18362498 0.04411646 0.30171698]\n",
            "[0.05294044 0.54299367 0.18256086 0.06436749 0.15713753]\n",
            "[0.28518001 0.26594996 0.02557566 0.27592701 0.14736736]\n",
            "[0.38203467 0.54398473 0.02713629 0.03226242 0.01458188]\n",
            "[0.09860021 0.22748266 0.02473558 0.31181209 0.33736945]\n",
            "[0.13126809 0.11580038 0.19926002 0.15518925 0.39848226]\n",
            "[0.28950347 0.23898163 0.18976646 0.05084879 0.23089965]\n",
            "[0.1643402  0.09393546 0.34841091 0.1170928  0.27622063]\n",
            "[0.23327601 0.36020211 0.24811108 0.14635632 0.01205448]\n",
            "[0.3870022  0.12531912 0.35347704 0.00196985 0.13223179]\n",
            "[0.0550154  0.08841806 0.05040435 0.46927889 0.3368833 ]\n",
            "[0.28662053 0.22941739 0.23221108 0.06162998 0.19012102]\n",
            "[0.26781477 0.02505511 0.1958576  0.29465621 0.21661631]\n",
            "[0.29399221 0.22030883 0.21048835 0.02042848 0.25478213]\n",
            "[0.45112538 0.03502872 0.23796227 0.19624946 0.07963416]\n",
            "[0.02088571 0.12697459 0.1687213  0.36049398 0.32292442]\n",
            "[0.49401918 0.23218146 0.24820521 0.01895001 0.00664414]\n",
            "[0.24102581 0.28878396 0.06523251 0.30210299 0.10285473]\n",
            "[0.05246468 0.18640539 0.14057632 0.3458381  0.2747155 ]\n",
            "[0.02987366 0.5408103  0.01553336 0.07669445 0.33708823]\n",
            "[0.02300727 0.28919713 0.23351673 0.23985973 0.21441914]\n",
            "[0.32621247 0.0589753  0.13799205 0.14887669 0.32794349]\n",
            "[0.29365597 0.18571432 0.19716355 0.06165797 0.26180819]\n",
            "[0.30020482 0.27656927 0.16160537 0.07342175 0.18819879]\n",
            "[0.22783778 0.15721301 0.1920928  0.21093215 0.21192426]\n",
            "[0.236554   0.21291372 0.33248494 0.05661264 0.16143471]\n",
            "[0.21356463 0.23810936 0.19729187 0.30903229 0.04200185]\n",
            "[0.29232321 0.32373043 0.01354365 0.17904579 0.19135691]\n",
            "[0.37275151 0.16641587 0.19334643 0.06910781 0.19837838]\n",
            "[0.17390616 0.05057465 0.29458502 0.17397989 0.30695428]\n",
            "[0.29723354 0.05078925 0.28430494 0.25136359 0.11630869]\n",
            "[0.11010106 0.32419439 0.40632135 0.01692541 0.14245779]\n",
            "[0.18144041 0.03613106 0.25826987 0.16708234 0.35707631]\n",
            "[0.13163751 0.1948773  0.21123378 0.22794144 0.23430997]\n",
            "[0.06639485 0.15606757 0.14763718 0.21208769 0.41781271]\n",
            "[0.08888178 0.07704895 0.02250033 0.40305426 0.40851468]\n",
            "[0.05871158 0.36687068 0.37262382 0.04602273 0.15577118]\n",
            "[0.18767793 0.24688142 0.1224911  0.23421122 0.20873834]\n",
            "[0.05198514 0.26333762 0.23692864 0.20140404 0.24634457]\n",
            "[0.1918684  0.04609021 0.27507348 0.24080786 0.24616006]\n",
            "[0.25850002 0.27623617 0.29349833 0.14367508 0.0280904 ]\n",
            "[0.19690513 0.28389355 0.28703963 0.22305766 0.00910404]\n",
            "[0.16184953 0.37337093 0.25673438 0.17664921 0.03139595]\n",
            "[0.28737404 0.1005789  0.20935764 0.27995133 0.12273809]\n",
            "[0.04189247 0.16666636 0.38430212 0.37664125 0.03049779]\n",
            "[0.22300496 0.09516867 0.10412677 0.2888885  0.28881109]\n",
            "[0.24320874 0.26717079 0.01027545 0.22691065 0.25243437]\n",
            "[0.0646672  0.26388907 0.25294283 0.19553499 0.22296591]\n",
            "[0.3197346  0.10873852 0.31254671 0.19777981 0.06120036]\n",
            "[0.08407167 0.26237805 0.19360502 0.21789677 0.24204848]\n",
            "[0.07305358 0.40261585 0.09822018 0.06281952 0.36329087]\n",
            "[0.0023757  0.31521231 0.01224755 0.33992568 0.33023876]\n",
            "[0.03718471 0.15867731 0.11185775 0.33310065 0.35917957]\n",
            "[0.20216176 0.28053919 0.22797002 0.17737623 0.11195279]\n",
            "[0.12963217 0.27364624 0.20971752 0.26170613 0.12529794]\n",
            "[0.21613421 0.20518096 0.21290846 0.13352943 0.23224694]\n",
            "[0.21241741 0.12950432 0.44132452 0.04040938 0.17634437]\n",
            "[0.02975509 0.35306959 0.02432419 0.3921865  0.20066463]\n",
            "[0.21562423 0.29980575 0.28706713 0.02918868 0.16831421]\n",
            "[0.10769455 0.29010225 0.30527766 0.18897635 0.10794919]\n",
            "[0.262784   0.2349545  0.20125262 0.21216747 0.08884141]\n",
            "[0.335005   0.1432199  0.08741163 0.15739415 0.27696933]\n",
            "[0.3289111  0.3644055  0.06359366 0.21922854 0.0238612 ]\n",
            "[0.09218673 0.20692188 0.26755064 0.22533823 0.20800252]\n",
            "[0.00214942 0.36138732 0.08044376 0.24818936 0.30783014]\n",
            "[0.24110822 0.24366072 0.26052107 0.14725803 0.10745195]\n",
            "[0.20638221 0.26402175 0.1475004  0.20477748 0.17731816]\n",
            "[0.15678703 0.2551277  0.04928843 0.24123935 0.29755749]\n",
            "[0.20328144 0.20705259 0.17467665 0.05873674 0.35625258]\n",
            "[0.03535249 0.27447039 0.19246525 0.22566483 0.27204704]\n",
            "[0.41529385 0.0231917  0.08732442 0.3901201  0.08406993]\n",
            "[0.22234604 0.20713881 0.07781359 0.12996762 0.36273395]\n",
            "[0.2510911  0.1386434  0.3055892  0.12149832 0.18317797]\n",
            "[0.19551717 0.11458853 0.30636197 0.15335273 0.2301796 ]\n",
            "[0.31576517 0.08475237 0.18581511 0.24935424 0.1643131 ]\n",
            "[0.02656378 0.07443497 0.34502109 0.3295864  0.22439377]\n",
            "[0.17047998 0.08530869 0.32852502 0.24240566 0.17328065]\n",
            "[0.28132337 0.0769207  0.24724378 0.30304333 0.09146882]\n",
            "[0.08725197 0.33336796 0.21610221 0.0157654  0.34751247]\n",
            "[0.44896869 0.1053263  0.1832921  0.24851846 0.01389445]\n",
            "[0.03894359 0.21419854 0.40363918 0.33560359 0.00761509]\n",
            "[0.47055165 0.01180319 0.16633194 0.05947509 0.29183812]\n",
            "[0.09596907 0.46253232 0.29696002 0.00364347 0.14089512]\n",
            "[0.01833124 0.19156069 0.02332347 0.38747955 0.37930505]\n",
            "[0.27006301 0.05775425 0.64211985 0.00657765 0.02348524]\n",
            "[0.00666689 0.24442145 0.14742815 0.30364367 0.29783984]\n",
            "[0.12699897 0.23073605 0.14523885 0.16716718 0.32985896]\n",
            "[0.14055851 0.33433735 0.35304867 0.11045554 0.06159992]\n",
            "[0.27605619 0.18987902 0.17209258 0.10791162 0.25406059]\n",
            "[0.30423506 0.09154145 0.23190054 0.30131493 0.07100802]\n",
            "[0.03457141 0.39338141 0.28320065 0.15227457 0.13657197]\n",
            "[0.06640302 0.04696098 0.25535384 0.37802553 0.25325662]\n",
            "[0.11646421 0.219607   0.25539834 0.17792423 0.23060622]\n",
            "[0.26527429 0.13521852 0.37351751 0.1976462  0.02834347]\n",
            "[0.02788788 0.31924429 0.32449361 0.18477799 0.14359623]\n",
            "[0.18097848 0.26861278 0.17163539 0.20156187 0.17721147]\n",
            "[0.0819215  0.16410757 0.21247083 0.30238725 0.23911285]\n",
            "[0.17461933 0.08287758 0.31727396 0.2271757  0.19805344]\n",
            "[0.25764672 0.28005512 0.35400349 0.09486113 0.01343354]\n",
            "[0.22481588 0.18885982 0.18623188 0.24049458 0.15959784]\n",
            "[0.29560571 0.00937642 0.44189009 0.10073467 0.1523931 ]\n",
            "[0.30102876 0.12936    0.03241432 0.23750882 0.29968809]\n",
            "[0.09939964 0.37159944 0.33926896 0.1277446  0.06198736]\n",
            "[0.36798868 0.14606466 0.26026492 0.15669682 0.06898492]\n",
            "[0.39962139 0.11822427 0.18655667 0.04642412 0.24917354]\n",
            "[0.06105034 0.23903743 0.29690007 0.02919837 0.37381379]\n",
            "[0.30887366 0.28363684 0.17241406 0.01693036 0.21814508]\n",
            "[0.24579867 0.13831928 0.14538835 0.41741269 0.05308101]\n",
            "[0.15184732 0.2030142  0.25283704 0.02144107 0.37086037]\n",
            "[0.12314717 0.18124764 0.24896074 0.17386109 0.27278337]\n",
            "[0.20033252 0.0769236  0.35409599 0.04253118 0.32611672]\n",
            "[0.37524736 0.04161239 0.29618592 0.1375406  0.14941372]\n",
            "[0.32721288 0.17730186 0.3089892  0.1619823  0.02451376]\n",
            "[0.21244875 0.36077257 0.02357413 0.07223866 0.33096589]\n",
            "[0.2320084  0.15755693 0.24355885 0.21297408 0.15390175]\n",
            "[0.23306193 0.19054181 0.1902094  0.2025589  0.18362796]\n",
            "[0.30820029 0.07383441 0.06316303 0.34954791 0.20525436]\n",
            "[0.31858605 0.01762039 0.07705019 0.25406543 0.33267794]\n",
            "[0.39011119 0.26466779 0.19012434 0.01798439 0.13711229]\n",
            "[0.21881009 0.17699103 0.14020372 0.19079605 0.27319911]\n",
            "[0.402488   0.16526578 0.05463958 0.07601862 0.30158802]\n",
            "[0.23365287 0.26783842 0.06609532 0.24523598 0.18717741]\n",
            "[0.15769523 0.35544301 0.09543627 0.00973237 0.38169311]\n",
            "[0.18149457 0.25234324 0.20008104 0.12764359 0.23843757]\n",
            "[0.19390035 0.18713558 0.31450336 0.0474528  0.25700791]\n",
            "[0.1914589  0.25865523 0.13262962 0.35358814 0.06366811]\n",
            "[0.3510283  0.11898085 0.33873515 0.18298129 0.00827441]\n",
            "[0.31586914 0.02839116 0.32406541 0.32829778 0.00337651]\n",
            "[0.09274044 0.24348221 0.25364701 0.16858481 0.24154553]\n",
            "[0.29691299 0.20715864 0.08554278 0.12692982 0.28345577]\n",
            "[0.17471335 0.21778626 0.11884209 0.23057848 0.25807981]\n",
            "[0.10045914 0.21599959 0.05030615 0.4201394  0.21309572]\n",
            "[0.41170428 0.09900646 0.42509181 0.01251337 0.05168408]\n",
            "[0.17963061 0.45749092 0.18560683 0.11054112 0.06673051]\n",
            "[0.346077   0.00829165 0.39831458 0.14095559 0.10636118]\n",
            "[0.16418699 0.36240391 0.06207927 0.27257253 0.1387573 ]\n",
            "[0.05714233 0.23121859 0.02573849 0.50281557 0.18308502]\n",
            "[0.21877985 0.12965607 0.27514347 0.01172356 0.36469706]\n",
            "[0.07024563 0.1080863  0.07460537 0.33641988 0.41064282]\n",
            "[0.26550728 0.08978077 0.19227083 0.06585377 0.38658735]\n",
            "[0.20179777 0.3160284  0.31791571 0.02909708 0.13516104]\n",
            "[0.09455584 0.25540087 0.28966186 0.04920227 0.31117917]\n",
            "[0.21371713 0.27672011 0.09436831 0.22852975 0.1866647 ]\n",
            "[0.21811066 0.15220049 0.34888334 0.23718989 0.04361564]\n",
            "[0.11975749 0.30222823 0.17194685 0.18033517 0.22573226]\n",
            "[0.13486778 0.33663712 0.26548791 0.09894685 0.16406034]\n",
            "[3.75159638e-01 2.89355878e-01 1.15946362e-01 2.19188197e-01\n",
            " 3.49924464e-04]\n",
            "[0.04526727 0.4002622  0.18628023 0.2758701  0.09232021]\n",
            "[0.09246072 0.03629716 0.27377603 0.28514077 0.31232532]\n",
            "[0.11267857 0.42936637 0.11730084 0.21580109 0.12485312]\n",
            "[0.08180727 0.35014949 0.12541661 0.16784105 0.27478558]\n",
            "[0.25399205 0.26099804 0.24753086 0.03124314 0.20623591]\n",
            "[0.29854019 0.31455353 0.0970529  0.14696067 0.14289272]\n",
            "[0.30498317 0.21370319 0.37343424 0.0182412  0.0896382 ]\n",
            "[0.03581051 0.34178399 0.15340802 0.27798548 0.191012  ]\n",
            "[0.16202429 0.29874588 0.20524651 0.32637857 0.00760475]\n",
            "[0.08054709 0.30083101 0.36559932 0.13169033 0.12133225]\n",
            "[0.18356871 0.15313375 0.12041674 0.25993595 0.28294486]\n",
            "[0.11413702 0.26173816 0.13253314 0.22575974 0.26583194]\n",
            "[0.02329434 0.17494639 0.33894091 0.17203351 0.29078486]\n",
            "[0.00173055 0.34737859 0.04281142 0.08942313 0.51865632]\n",
            "[0.19340364 0.21358062 0.49435094 0.05359988 0.04506491]\n",
            "[0.25131539 0.22607387 0.19572044 0.24760355 0.07928675]\n",
            "[0.42761378 0.15423353 0.02450461 0.03477188 0.35887621]\n",
            "[0.28940511 0.29940321 0.28935025 0.02946627 0.09237516]\n",
            "[0.06086231 0.15813746 0.28381891 0.19508128 0.30210005]\n",
            "[0.32457003 0.16967162 0.13830913 0.0530153  0.31443392]\n",
            "[0.26234328 0.14725216 0.01303174 0.34807382 0.229299  ]\n",
            "[0.05864453 0.49403492 0.24174329 0.07457169 0.13100557]\n",
            "[0.0363506  0.13627435 0.25027943 0.29467086 0.28242476]\n",
            "[0.2356221  0.25843338 0.25014593 0.09353861 0.16225998]\n",
            "[0.13172808 0.05899225 0.34037121 0.0605508  0.40835766]\n",
            "[0.28093519 0.09010687 0.15644524 0.20045372 0.27205896]\n",
            "[0.51163197 0.00776756 0.10206056 0.00852935 0.37001055]\n",
            "[0.31671705 0.0372149  0.35785169 0.0945155  0.19370085]\n",
            "[0.02305701 0.35214987 0.32189428 0.27597092 0.02692792]\n",
            "[0.10029093 0.36453138 0.1302572  0.13502964 0.26989085]\n",
            "[0.19915922 0.27630298 0.25100652 0.15585911 0.11767217]\n",
            "[0.25535075 0.18419073 0.23830706 0.22501523 0.09713623]\n",
            "[0.2646894  0.19752429 0.18405054 0.0502253  0.30351047]\n",
            "[0.20253724 0.33279344 0.22560864 0.23421911 0.00484157]\n",
            "[0.03745329 0.2392413  0.08517141 0.50546908 0.13266492]\n",
            "[0.05403538 0.2375666  0.0496984  0.33847965 0.32021997]\n",
            "[0.2092293  0.24162791 0.15319875 0.33044971 0.06549433]\n",
            "[0.12854849 0.01504911 0.32451445 0.0031753  0.52871265]\n",
            "[0.06812535 0.31629536 0.0042283  0.30069649 0.3106545 ]\n",
            "[0.14353307 0.17936073 0.12283251 0.26548952 0.28878416]\n",
            "[0.20456217 0.31323149 0.18051841 0.17578661 0.12590133]\n",
            "[0.22892585 0.27295673 0.12220121 0.32035764 0.05555858]\n",
            "[0.35249782 0.12999397 0.36382084 0.03049708 0.12319028]\n",
            "[0.34929916 0.06732849 0.32014495 0.01176371 0.25146369]\n",
            "[0.36957904 0.17931035 0.11362744 0.10485377 0.2326294 ]\n",
            "[0.30714345 0.27044178 0.02028702 0.26501374 0.13711401]\n",
            "[0.29437473 0.09555583 0.2851192  0.13643702 0.18851322]\n",
            "[0.24956528 0.23916092 0.17736121 0.15605681 0.17785578]\n",
            "[0.27967021 0.02125181 0.21420228 0.27093799 0.21393771]\n",
            "[0.10665298 0.01025034 0.27742344 0.18539904 0.4202742 ]\n",
            "[0.25741098 0.11561809 0.23943092 0.17689605 0.21064396]\n",
            "[0.22412359 0.28102616 0.04600243 0.23127191 0.21757592]\n",
            "[0.06082282 0.12872276 0.16417217 0.21133638 0.43494587]\n",
            "[0.29539859 0.17036159 0.26144042 0.19146453 0.08133487]\n",
            "[0.13191779 0.23611245 0.24465545 0.27083949 0.11647481]\n",
            "[0.11180387 0.07974465 0.24019261 0.19380882 0.37445006]\n",
            "[0.13745663 0.11000708 0.3464755  0.34254655 0.06351424]\n",
            "[0.53939725 0.07601034 0.0588706  0.14965561 0.1760662 ]\n",
            "[0.44649441 0.02417516 0.21909169 0.11143912 0.19879962]\n",
            "[0.24094102 0.21549346 0.29999175 0.08020961 0.16336416]\n",
            "[0.09822705 0.11913574 0.26407063 0.42514985 0.09341674]\n",
            "[0.24095343 0.22431623 0.23550867 0.11449922 0.18472245]\n",
            "[0.36786676 0.17825173 0.38004219 0.0342005  0.03963882]\n",
            "[0.21724608 0.39119779 0.00874743 0.24227652 0.14053218]\n",
            "[0.41242436 0.06163656 0.09348091 0.20428631 0.22817186]\n",
            "[0.03838116 0.28633062 0.10767901 0.44386999 0.12373923]\n",
            "[0.14447163 0.40141238 0.19478312 0.16258004 0.09675283]\n",
            "[0.13687669 0.11878989 0.2606747  0.39277829 0.09088043]\n",
            "[0.25240545 0.48790314 0.01638106 0.01106243 0.23224792]\n",
            "[0.14766464 0.14763293 0.16912344 0.28877515 0.24680385]\n",
            "[0.18332059 0.24261868 0.26684205 0.02849603 0.27872266]\n",
            "[0.15905378 0.05736962 0.30829615 0.18613586 0.28914458]\n",
            "[0.33386674 0.07977807 0.42249588 0.0061703  0.15768901]\n",
            "[0.06620995 0.12101667 0.3091143  0.23405755 0.26960152]\n",
            "[0.20382869 0.05032477 0.15181435 0.33870244 0.25532975]\n",
            "[0.05980437 0.24652083 0.06598686 0.46661761 0.16107033]\n",
            "[0.20856519 0.18191389 0.26188408 0.31829547 0.02934138]\n",
            "[0.265986   0.40432884 0.2373014  0.05389977 0.03848399]\n",
            "[0.05547627 0.27910739 0.23124984 0.20642912 0.22773738]\n",
            "[0.24515635 0.12272466 0.15716436 0.2216213  0.25333334]\n",
            "[0.14596161 0.200864   0.41519464 0.23620533 0.00177443]\n",
            "[0.08521608 0.33449385 0.13829113 0.20422037 0.23777856]\n",
            "[0.15719638 0.20978795 0.31078446 0.05253015 0.26970106]\n",
            "[0.40981518 0.12233506 0.33722249 0.01534041 0.11528687]\n",
            "[0.11318536 0.47865813 0.11952273 0.23751534 0.05111843]\n",
            "[0.15069431 0.30593674 0.43055923 0.08848899 0.02432073]\n",
            "[0.34800794 0.07240049 0.15575331 0.41318187 0.0106564 ]\n",
            "[0.10918593 0.3307809  0.02746062 0.37823175 0.15434081]\n",
            "[0.25478978 0.31671149 0.08564789 0.09159916 0.25125167]\n",
            "[0.27875777 0.28863746 0.04487997 0.03332387 0.35440094]\n",
            "[0.23021987 0.26778611 0.4109145  0.06665926 0.02442026]\n",
            "[0.22186885 0.05590959 0.29887949 0.17313012 0.25021195]\n",
            "[0.17949346 0.091545   0.32117722 0.35747945 0.05030488]\n",
            "[0.22892091 0.26463609 0.03300022 0.06938389 0.4040589 ]\n",
            "[0.1675804  0.15615751 0.23311879 0.28313875 0.16000454]\n",
            "[0.09080745 0.14473727 0.38018202 0.0641735  0.32009976]\n",
            "[0.07034047 0.23330637 0.25495872 0.2117087  0.22968574]\n",
            "[0.14882507 0.29395442 0.17939221 0.22698249 0.15084581]\n",
            "[0.35578259 0.05822724 0.17159498 0.09266071 0.32173447]\n",
            "[0.24615533 0.23800177 0.04688126 0.06634817 0.40261347]\n",
            "[0.31553046 0.24923634 0.06535289 0.10535065 0.26452965]\n",
            "[0.00451716 0.247089   0.33847789 0.00588347 0.40403248]\n",
            "[0.25963621 0.16256756 0.03202673 0.22681189 0.3189576 ]\n",
            "[0.05087057 0.21273669 0.01661673 0.57886843 0.14090758]\n",
            "[0.25137681 0.06740413 0.16108036 0.03046932 0.48966938]\n",
            "[0.33053378 0.03506813 0.25156867 0.07772303 0.30510639]\n",
            "[0.22658946 0.33673125 0.05900216 0.19537402 0.18230312]\n",
            "[0.41624977 0.19862092 0.22905355 0.11791101 0.03816476]\n",
